vlbi-pipeline/geod/jplg2210.15i
     1.0            IONOSPHERE MAPS     GPS                 IONEX VERSION / TYPE
GIM V3.0            JPL - GNISD         12-aug-2015 01:03   PGM / RUN BY / DATE 
JPL'S GLOBAL IONOSPHERE MAPS YEAR 2015 DAY 221              COMMENT             
Global Ionospheric Maps (GIM) are generated on an hourly    DESCRIPTION         
and daily basis at JPL using data from up to 100 GPS sites  DESCRIPTION         
of the IGS and others institutions.                         DESCRIPTION         
The vertical TEC is modeled in a solar-geomagnetic          DESCRIPTION         
reference frame using bi-cubic splines on a spherical grid. DESCRIPTION         
A Kalman filter is used to solve simultaneously for         DESCRIPTION         
instrumental biases and VTEC on the grid (as stochastic     DESCRIPTION         
parameters).                                                DESCRIPTION         
Contact Address:  gpsiono@cobra.jpl.nasa.gov .              DESCRIPTION         
  2015     8     9     0     0     0                        EPOCH OF FIRST MAP  
  2015     8    10     0     0     0                        EPOCH OF LAST MAP   
  7200                                                      INTERVAL            
    13                                                      # OF MAPS IN FILE   
  NONE                                                      MAPPING FUNCTION    
    10.0                                                    ELEVATION CUTOFF    
One-way carrier phase leveled to code                       OBSERVABLES USED    
   170                                                      # OF STATIONS       
    31                                                      # OF SATELLITES     
  6371.0                                                    BASE RADIUS         
     2                                                      MAP DIMENSION       
   450.0 450.0   0.0                                        HGT1 / HGT2 / DHGT  
    87.5 -87.5  -2.5                                        LAT1 / LAT2 / DLAT  
  -180.0 180.0   5.0                                        LON1 / LON2 / DLON  
    -1                                                      EXPONENT            
TEC/RMS values in 0.1 TECU; 9999, if no value available     COMMENT             
                                                            END OF HEADER       
[from data line 4719]
    12                                                      START OF TEC MAP    
  2015     8     9    22     0     0                        EPOCH OF CURRENT MAP
    87.5-180.0 180.0   5.0 450.0                            LAT/LON1/LON2/DLON/H
  149  150  150  151  151  151  151  152  152  152  152  152  152  152  151  151
  151  150  150  150  149  149  148  148  147  147  146  146  145  145  144  144
  144  143  143  143  142  142  142  142  142  141  141  141  141  141  141  141
  141  141  141  141  141  141  141  142  142  142  143  143  144  144  144  145
  145  146  147  147  148  148  149  149  149
    85.0-180.0 180.0   5.0 450.0                            LAT/LON1/LON2/DLON/H
  152  153  153  154  155  156  156  157  157  158  158  158  158  157  157  156
  156  155  154  153  152  151  150  149  148  147  146  145  144  144  143  143
  142  142  142  141  141  141  140  140  140  140  139  139  138  138  138  137
  137  137  137  137  137  137  137  138  138  139  139  140  141  142  143  143
  144  145  146  147  148  149  150  151  152
    82.5-180.0 180.0   5.0 450.0                            LAT/LON1/LON2/DLON/H
  151  153  154  155  157  158  160  161  162  163  164  164  164  164  163  162
  161  160  158  156  154  153  151  149  147  146  145  144  143  142  142  141
  141  141  140  140  140  140  140  140  140  139  139  139  138  137  137  136
  135  135  134  134  134  134  134  134  135  135  136  137  138  139  140  141
  142  143  144  145  146  148  149  150  151
    80.0-180.0 180.0   5.0 450.0                            LAT/LON1/LON2/DLON/H
  148  150  152  154  156  158  161  163  165  168  169  170  171  171  170  169
  167  165  162  159  157  154  151  149  146  144  143  141  140  139  139  138
  138  138  138  138  139  139  139  140  140  140  139  139  138  137  136  136
  135  134  133  132  132  132  132  132  133  133  134  134  135  136  137  138
  138  139  140  142  143  144  145  147  148
    77.5-180.0 180.0   5.0 450.0                            LAT/LON1/LON2/DLON/H
  144  145  148  150  153  156  160  164  167  171  174  176  177  178  177  176
  173  170  167  163  159  154  151  147  144  142  140  138  137  136  135  135
  135  135  135  135  136  137  137  138  138  138  138  138  137  137  136  135
  134  133  132  132  132  131  131  131  132  132  132  132  132  133  133  133
  134  134  135  136  138  139  140  142  144
    75.0-180.0 180.0   5.0 450.0                            LAT/LON1/LON2/DLON/H
  138  140  143  146  149  153  158  162  167  172  177  181  183  185  184  182
  179  175  170  165  160  155  150  146  142  139  137  135  133  132  131  131
  130  130  131  131  132  133  134  135  135  135  135  135  134  134  133  132
  132  131  131  131  131  132  132  132  132  132  131  131  130  129  129  128
  128  129  130  131  132  134  135  137  138
    72.5-180.0 180.0   5.0 450.0                            LAT/LON1/LON2/DLON/H
  135  136  139  141  145  149  154  160  167  173  179  184  188  190  190  188
  184  179  174  168  162  156  150  145  141  137  134  132  130  129  128  126
  126  126  126  127  127  128  129  130  130  130  130  129  128  127  127  127
  127  128  129  129  130  131  131  132  132  131  130  129  127  126  124  123
  123  123  124  126  128  130  131  133  135
    70.0-180.0 180.0   5.0 450.0                            LAT/LON1/LON2/DLON/H
  133  134  136  138  142  146  151  158  166  173  181  187  191  193  193  191
  187  182  176  170  164  158  152  146  141  136  133  131  129  127  125  123
  122  121  121  122  123  124  124  124  124  123  121  120  119  119  118  119
  120  121  123  125  126  128  129  129  129  129  128  126  124  122  120  119
  119  119  121  123  125  127  129  131  133
    67.5-180.0 180.0   5.0 450.0                            LAT/LON1/LON2/DLON/H
  133  134  136  138  140  144  149  156  164  173  181  188  192  194  194  192
  188  184  179  174  168  162  156  150  144  139  135  132  129  127  125  122
  120  119  119  119  120  120  120  119  117  115  112  110  109  108  109  109
  111  113  115  117  119  120  122  123  124  124  124  123  121  119  118  116
  116  117  118  121  124  126  129  131  133
    65.0-180.0 180.0   5.0 450.0                            LAT/LON1/LON2/DLON/H
  134  135  137  138  140  144  148  155  163  172  180  187  192  194  193  192
  189  186  183  179  174  169  163  157  150  144  139  135  132  130  127  124
  122  120  119  119  119  119  117  115  112  108  105  102  100   99   99  100
  101  102  103  105  106  108  110  112  114  116  117  118  118  117  116  116
  116  117  119  121  124  127  130  132  134
    62.5-180.0 180.0   5.0 450.0                            LAT/LON1/LON2/DLON/H
  136  138  139  141  142  144  148  154  161  169  178  184  189  191  192  191
  190  188  186  184  181  177  173  166  159  152  146  142  138  135  132  129
  126  124  123  122  121  120  118  114  109  104  100   96   94   93   93   93
   92   92   91   91   91   93   95   98  102  105  109  112  115  116  117  118
  119  119  121  123  125  128  131  134  136
    60.0-180.0 180.0   5.0 450.0                            LAT/LON1/LON2/DLON/H
  139  141  143  144  145  147  149  154  160  167  174  181  186  188  189  189
  189  189  189  188  187  185  182  177  170  163  156  152  148  145  141  138
  135  132  130  129  127  125  121  116  111  105  100   96   94   92   91   89
   86   83   80   77   76   77   80   84   89   95  102  108  113  117  120  122
  123  124  124  125  127  130  133  136  139
    57.5-180.0 180.0   5.0 450.0                            LAT/LON1/LON2/DLON/H
  143  146  148  150  150  150  152  154  159  165  171  177  182  185  186  186
  187  188  189  191  191  191  189  186  180  174  169  164  161  157  154  150
  147  144  140  137  134  131  127  121  115  110  105  101   98   96   93   89
   84   79   73   68   65   65   67   72   78   87   96  105  114  120  125  129
  130  130  130  130  131  133  136  139  143
    55.0-180.0 180.0   5.0 450.0                            LAT/LON1/LON2/DLON/H
  149  153  156  157  157  157  157  157  160  163  168  174  178  181  182  183
  184  185  187  190  192  193  194  192  189  186  182  179  176  173  169  165
  160  156  151  146  142  138  134  129  123  118  114  110  107  103   99   94
   87   79   70   64   60   59   61   65   72   82   94  106  117  126  132  136
  138  138  136  136  136  138  141  144  149
    52.5-180.0 180.0   5.0 450.0                            LAT/LON1/LON2/DLON/H
  158  162  166  167  167  166  164  163  163  165  168  172  176  178  179  180
  180  181  183  185  188  191  194  196  196  196  195  194  192  189  185  179
  173  167  160  154  148  144  140  137  133  129  125  121  118  113  108  101
   93   84   75   67   62   60   61   65   72   82   96  110  122  133  141  145
  147  146  145  144  144  145  148  153  158
    50.0-180.0 180.0   5.0 450.0                            LAT/LON1/LON2/DLON/H
  170  175  179  180  180  178  175  172  170  169  170  172  175  177  178  177
  177  177  178  180  184  188  192  197  201  204  207  208  207  205  199  192
  184  175  166  158  152  148  146  144  141  139  136  133  129  125  118  111
  103   93   85   77   71   68   67   69   75   85  100  115  130  141  150  155
  157  156  155  154  154  156  160  165  170
    47.5-180.0 180.0   5.0 450.0                            LAT/LON1/LON2/DLON/H
  187  192  195  196  195  193  189  185  180  176  175  175  177  178  179  177
  175  174  174  175  179  184  190  197  205  211  216  219  220  217  210  202
  192  181  169  159  154  151  150  149  149  147  146  143  140  135  129  121
  113  105   97   89   83   78   75   75   80   90  105  122  137  150  159  165
  167  167  166  166  167  170  175  181  187
    45.0-180.0 180.0   5.0 450.0                            LAT/LON1/LON2/DLON/H
  207  212  215  215  214  211  206  201  194  188  184  182  182  183  183  181
  177  174  172  173  176  182  190  199  208  216  223  227  227  224  218  209
  198  185  172  161  155  153  153  153  153  153  152  151  149  145  139  131
  124  117  110  102   96   90   85   83   85   95  110  128  145  159  169  175
  178  178  178  179  181  186  193  200  207
    42.5-180.0 180.0   5.0 450.0                            LAT/LON1/LON2/DLON/H
  229  234  236  236  234  231  226  221  213  205  198  193  192  192  191  188
  184  179  175  174  177  184  192  201  211  220  227  231  232  229  222  214
  203  190  175  163  157  155  155  156  156  156  157  158  157  153  147  140
  133  127  121  114  107   99   93   89   90   99  115  133  151  166  178  184
  188  190  191  193  197  203  212  222  229
    40.0-180.0 180.0   5.0 450.0                            LAT/LON1/LON2/DLON/H
  253  258  259  258  256  253  250  245  237  228  218  211  207  205  203  199
  194  188  182  180  183  189  198  206  215  223  230  234  235  233  228  221
  211  197  183  170  162  159  158  158  158  160  162  164  164  161  154  147
  140  134  129  123  115  107   99   94   95  103  118  137  156  173  185  193
  198  200  203  207  212  221  232  244  253
    37.5-180.0 180.0   5.0 450.0                            LAT/LON1/LON2/DLON/H
  276  282  283  282  279  277  275  272  266  256  245  235  227  223  220  215
  209  201  193  190  192  199  207  214  221  228  234  238  240  239  236  231
  222  210  195  181  170  164  161  161  162  165  169  171  171  167  159  151
  144  139  134  128  121  112  104   99   98  106  121  140  160  177  191  200
  205  210  214  220  227  237  251  265  276
    35.0-180.0 180.0   5.0 450.0                            LAT/LON1/LON2/DLON/H
  299  306  307  305  302  301  301  300  296  288  277  264  254  247  241  235
  228  218  209  204  205  212  218  224  229  234  241  246  249  251  250  246
  239  227  211  194  180  170  165  165  168  174  179  181  179  172  162  153
  146  141  137  131  124  116  108  103  102  108  122  141  162  180  194  204
  211  217  223  230  239  252  268  286  299
    32.5-180.0 180.0   5.0 450.0                            LAT/LON1/LON2/DLON/H
  319  328  330  328  325  325  327  329  328  322  312  298  285  275  267  260
  251  241  230  223  223  228  233  237  240  245  251  258  264  268  268  266
  258  245  227  207  188  175  169  170  177  186  192  192  186  176  163  153
  145  141  137  133  126  119  112  107  105  110  123  141  161  179  194  204
  213  221  229  238  249  264  283  303  319
    30.0-180.0 180.0   5.0 450.0                            LAT/LON1/LON2/DLON/H
  335  346  349  349  346  347  351  355  358  355  348  335  321  308  298  289
  279  268  256  246  243  247  251  252  254  258  266  274  281  286  288  286
  278  263  242  217  194  177  171  176  188  200  205  202  192  177  163  151
  144  139  136  132  127  121  115  111  109  112  123  140  159  176  191  202
  211  220  230  242  255  272  293  317  335
    27.5-180.0 180.0   5.0 450.0                            LAT/LON1/LON2/DLON/H
  345  358  364  365  364  366  371  379  384  386  383  373  359  345  333  323
  312  299  284  272  267  268  270  270  270  274  282  291  299  303  305  303
  294  277  252  222  194  176  172  181  198  213  217  210  195  177  160  148
  141  136  133  130  126  121  118  114  111  113  122  137  156  172  186  198
  208  218  229  241  256  275  299  324  345
    25.0-180.0 180.0   5.0 450.0                            LAT/LON1/LON2/DLON/H
  348  363  372  376  377  381  388  398  407  413  416  412  401  387  373  361
  349  334  316  301  293  292  292  289  287  290  298  308  313  315  315  314
  305  285  256  222  190  173  171  184  205  221  223  212  193  172  154  143
  137  133  130  127  124  121  119  116  113  113  120  135  152  169  183  194
  205  216  227  240  255  275  299  325  348
    22.5-180.0 180.0   5.0 450.0                            LAT/LON1/LON2/DLON/H
  345  361  372  379  385  391  401  413  425  437  447  450  444  431  417  404
  389  371  351  332  321  317  315  310  305  306  314  322  323  318  317  317
  309  288  256  219  187  169  170  185  207  223  222  208  186  165  148  138
  133  129  126  124  121  120  118  116  113  112  118  132  150  167  182  194
  206  217  228  240  255  273  297  322  345
    20.0-180.0 180.0   5.0 450.0                            LAT/LON1/LON2/DLON/H
  338  355  368  379  387  396  408  422  438  455  472  484  484  474  461  447
  431  410  386  365  351  344  340  332  324  322  328  333  327  315  311  313
  308  287  254  217  185  169  171  186  207  220  216  200  178  157  141  132
  128  125  122  120  119  118  116  114  111  109  115  130  149  168  185  200
  213  224  233  244  257  273  294  317  338
    17.5-180.0 180.0   5.0 450.0                            LAT/LON1/LON2/DLON/H
  333  350  364  377  388  399  411  427  446  468  491  510  517  512  501  489
  472  448  422  398  381  372  364  354  341  336  340  341  328  308  300  304
  301  282  251  217  188  174  176  188  205  214  209  192  170  150  135  127
  124  121  119  117  116  115  113  110  106  105  112  127  148  170  191  210
  224  236  245  253  263  276  293  313  333
    15.0-180.0 180.0   5.0 450.0                            LAT/LON1/LON2/DLON/H
  331  348  364  379  392  402  413  429  449  474  501  525  539  540  534  524
  508  484  456  430  411  398  388  374  358  349  350  347  327  300  288  292
  290  273  248  220  196  184  184  193  204  210  204  186  165  146  132  124
  120  117  115  114  113  112  109  104  101  100  107  123  147  173  199  221
  238  251  260  267  273  282  296  313  331
    12.5-180.0 180.0   5.0 450.0                            LAT/LON1/LON2/DLON/H
  334  353  371  389  402  409  417  430  450  474  502  529  547  555  554  549
  536  514  487  461  440  424  409  393  374  361  358  351  326  294  278  279
  277  263  245  225  208  198  197  200  206  210  204  187  166  147  132  122
  117  114  112  111  110  107  103   98   94   94  101  118  143  173  204  230
  250  265  275  281  286  291  302  317  334
    10.0-180.0 180.0   5.0 450.0                            LAT/LON1/LON2/DLON/H
  342  363  386  408  421  423  424  432  448  470  496  523  545  558  563  562
  555  538  515  490  467  446  428  408  387  372  365  353  325  290  271  267
  263  254  244  234  223  216  212  211  213  216  210  193  171  150  134  122
  116  111  109  107  105  101   96   91   87   87   94  110  136  170  205  234
  256  273  287  294  298  301  310  323  342
     7.5-180.0 180.0   5.0 450.0                            LAT/LON1/LON2/DLON/H
  351  377  406  433  446  444  437  437  446  463  486  511  534  551  561  565
  564  554  536  514  489  464  442  420  398  380  370  354  324  290  268  260
  254  248  247  245  241  235  229  224  223  224  218  200  177  155  137  124
  116  110  105  102   98   94   89   84   80   80   86  101  127  163  201  231
  254  274  292  303  307  311  318  331  351
     5.0-180.0 180.0   5.0 450.0                            LAT/LON1/LON2/DLON/H
  360  389  425  458  473  467  452  444  445  456  473  494  517  536  550  559
  563  560  548  529  504  476  450  427  404  385  371  353  324  293  270  258
  251  250  255  261  260  254  244  234  229  229  223  205  181  158  141  127
  117  109  102   96   91   87   82   77   73   73   78   91  116  154  193  222
  245  268  291  307  314  318  325  338  360
     2.5-180.0 180.0   5.0 450.0                            LAT/LON1/LON2/DLON/H
  365  397  439  478  495  485  465  449  443  447  459  476  496  516  533  545
  553  555  548  532  508  479  451  427  405  385  368  349  325  298  276  263
  258  261  270  277  276  267  253  238  229  226  219  201  179  158  143  130
  119  109   98   89   83   79   74   70   67   66   70   82  106  143  182  210
  232  258  286  306  316  322  329  343  365
