vlbi-pipeline/geod/jplg2210.15i
     1.0            IONOSPHERE MAPS     GPS                 IONEX VERSION / TYPE
GIM V3.0            JPL - GNISD         12-aug-2015 01:03   PGM / RUN BY / DATE 
JPL'S GLOBAL IONOSPHERE MAPS YEAR 2015 DAY 221              COMMENT             
Global Ionospheric Maps (GIM) are generated on an hourly    DESCRIPTION         
and daily basis at JPL using data from up to 100 GPS sites  DESCRIPTION         
of the IGS and others institutions.                         DESCRIPTION         
The vertical TEC is modeled in a solar-geomagnetic          DESCRIPTION         
reference frame using bi-cubic splines on a spherical grid. DESCRIPTION         
A Kalman filter is used to solve simultaneously for         DESCRIPTION         
instrumental biases and VTEC on the grid (as stochastic     DESCRIPTION         
parameters).                                                DESCRIPTION         
Contact Address:  gpsiono@cobra.jpl.nasa.gov .              DESCRIPTION         
  2015     8     9     0     0     0                        EPOCH OF FIRST MAP  
  2015     8    10     0     0     0                        EPOCH OF LAST MAP   
  7200                                                      INTERVAL            
    13                                                      # OF MAPS IN FILE   
  NONE                                                      MAPPING FUNCTION    
    10.0                                                    ELEVATION CUTOFF    
One-way carrier phase leveled to code                       OBSERVABLES USED    
   170                                                      # OF STATIONS       
    31                                                      # OF SATELLITES     
  6371.0                                                    BASE RADIUS         
     2                                                      MAP DIMENSION       
   450.0 450.0   0.0                                        HGT1 / HGT2 / DHGT  
    87.5 -87.5  -2.5                                        LAT1 / LAT2 / DLAT  
  -180.0 180.0   5.0                                        LON1 / LON2 / DLON  
    -1                                                      EXPONENT            
TEC/RMS values in 0.1 TECU; 9999, if no value available     COMMENT             
                                                            END OF HEADER       
[from data line 4290]
    11                                                      START OF TEC MAP    
  2015     8     9    20     0     0                        EPOCH OF CURRENT MAP
    87.5-180.0 180.0   5.0 450.0                            LAT/LON1/LON2/DLON/H
  164  164  164  165  165  165  165  165  165  165  165  165  165  165  165  165
  165  164  164  164  164  164  164  164  164  164  164  164  164  164  164  163
  163  163  163  163  163  163  162  162  161  161  161  160  160  159  159  158
  158  157  157  157  157  157  157  157  157  157  157  158  158  159  159  160
  160  161  161  162  162  163  163  163  164
    85.0-180.0 180.0   5.0 450.0                            LAT/LON1/LON2/DLON/H
  164  164  165  165  165  165  165  165  165  165  165  164  164  164  164  163
  163  163  163  162  162  162  162  162  162  162  162  162  163  163  164  164
  164  164  165  165  165  164  164  163  162  161  160  159  158  156  155  153
  152  151  149  149  148  147  147  148  148  149  149  150  152  153  154  155
  157  158  159  160  161  162  163  164  164
    82.5-180.0 180.0   5.0 450.0                            LAT/LON1/LON2/DLON/H
  162  162  162  162  162  162  162  162  162  162  162  162  162  162  161  161
  161  160  160  159  159  158  158  158  158  158  158  159  160  160  161  162
  162  163  164  164  164  164  164  163  162  161  160  158  156  153  151  148
  146  144  142  140  139  138  137  138  138  139  141  142  144  146  149  151
  153  155  157  158  159  160  161  161  162
    80.0-180.0 180.0   5.0 450.0                            LAT/LON1/LON2/DLON/H
  157  157  157  157  157  157  157  158  158  159  159  160  160  160  160  160
  159  158  158  157  156  155  154  153  153  153  153  153  153  154  155  156
  157  158  159  159  160  160  160  160  159  158  157  155  152  150  147  144
  141  138  135  133  131  129  129  129  130  131  133  135  138  140  143  146
  148  150  152  154  155  156  157  157  157
    77.5-180.0 180.0   5.0 450.0                            LAT/LON1/LON2/DLON/H
  151  151  151  151  151  151  152  152  153  155  156  158  159  160  160  160
  160  159  158  156  154  152  150  149  148  147  146  147  147  148  149  149
  150  151  151  152  152  152  152  152  151  151  150  149  147  144  141  138
  135  132  129  127  126  125  124  124  125  127  128  130  133  135  138  140
  143  145  147  148  149  150  151  151  151
    75.0-180.0 180.0   5.0 450.0                            LAT/LON1/LON2/DLON/H
  145  145  145  144  144  145  145  147  148  150  153  156  158  161  162  163
  163  162  160  158  155  152  149  146  144  143  142  141  142  142  143  144
  145  145  145  144  144  143  143  143  142  142  141  140  139  137  135  132
  130  128  126  124  124  123  123  123  124  125  126  127  129  130  132  134
  136  137  139  140  142  143  144  144  145
    72.5-180.0 180.0   5.0 450.0                            LAT/LON1/LON2/DLON/H
  139  139  139  139  139  139  140  141  144  147  150  154  158  162  165  167
  167  166  164  161  157  153  150  146  144  141  139  138  138  139  139  140
  141  141  140  139  138  137  136  135  134  133  132  130  129  128  126  125
  124  123  122  122  122  123  123  124  124  125  125  125  125  126  127  127
  128  130  131  132  134  136  137  138  139
    70.0-180.0 180.0   5.0 450.0                            LAT/LON1/LON2/DLON/H
  136  137  137  137  136  136  137  138  141  144  148  153  159  164  168  171
  172  172  169  165  161  157  153  149  146  143  141  139  139  138  139  139
  139  139  138  137  136  135  133  131  130  127  125  122  120  119  118  117
  117  117  117  119  120  121  122  123  123  123  122  122  121  121  121  121
  121  122  123  125  127  130  132  134  136
    67.5-180.0 180.0   5.0 450.0                            LAT/LON1/LON2/DLON/H
  136  137  138  138  138  138  138  139  141  144  148  154  160  166  171  175
  177  177  174  170  166  162  158  155  152  150  148  146  144  142  142  142
  142  141  141  140  139  137  136  134  131  127  123  118  114  112  110  110
  110  110  111  113  115  117  118  119  119  118  117  116  115  115  115  115
  116  117  118  121  123  127  130  133  136
    65.0-180.0 180.0   5.0 450.0                            LAT/LON1/LON2/DLON/H
  138  140  142  143  143  143  143  144  145  147  151  156  162  169  175  180
  182  181  179  175  172  169  166  164  163  161  159  157  154  151  149  148
  147  147  147  147  146  146  145  143  139  133  126  119  112  108  106  104
  104  104  104  104  106  107  108  109  109  109  108  108  108  109  110  111
  113  115  117  120  123  127  131  135  138
    62.5-180.0 180.0   5.0 450.0                            LAT/LON1/LON2/DLON/H
  142  146  148  150  151  152  152  152  152  154  156  160  165  172  178  183
  186  185  183  180  178  177  176  175  175  175  173  171  168  164  161  158
  157  157  157  158  158  159  158  155  150  142  133  124  116  109  106  103
  101   98   96   95   94   95   96   97   97   97   97   98  100  103  106  110
  114  117  120  124  127  131  135  139  142
    60.0-180.0 180.0   5.0 450.0                            LAT/LON1/LON2/DLON/H
  148  152  155  158  160  161  162  162  162  162  163  165  169  175  181  186
  188  188  186  184  183  184  185  186  188  188  188  186  183  180  175  172
  170  169  170  171  173  173  172  169  163  154  144  133  123  116  111  106
  101   95   90   86   84   83   83   84   85   86   87   89   94   99  105  111
  117  122  127  131  134  137  141  144  148
    57.5-180.0 180.0   5.0 450.0                            LAT/LON1/LON2/DLON/H
  155  158  162  165  167  169  170  171  171  171  170  171  174  178  182  186
  188  188  187  187  187  189  192  195  198  201  202  201  199  196  192  188
  185  184  184  186  187  188  186  182  175  166  155  144  134  126  119  112
  104   96   87   81   77   75   75   76   76   78   80   84   89   97  105  114
  122  129  135  139  143  145  148  151  155
    55.0-180.0 180.0   5.0 450.0                            LAT/LON1/LON2/DLON/H
  161  165  167  169  171  173  176  178  179  179  177  177  178  180  183  185
  187  187  187  187  188  191  196  200  205  209  212  213  213  212  209  205
  201  198  198  199  200  200  198  192  184  174  164  154  145  137  129  120
  110   99   89   80   75   73   73   74   75   76   79   83   89   97  107  117
  127  136  143  148  152  154  156  158  161
    52.5-180.0 180.0   5.0 450.0                            LAT/LON1/LON2/DLON/H
  169  171  173  173  174  176  179  182  185  185  184  183  182  182  183  184
  185  185  185  185  187  190  196  201  207  213  218  222  225  226  224  219
  215  211  209  209  210  209  205  198  190  180  171  163  155  147  138  127
  116  104   94   85   81   79   79   79   80   81   83   86   92  100  110  122
  132  142  150  157  161  163  165  166  169
    50.0-180.0 180.0   5.0 450.0                            LAT/LON1/LON2/DLON/H
  177  178  179  178  177  178  181  185  189  191  191  189  187  185  184  184
  184  183  183  183  184  188  193  200  208  215  223  229  234  237  236  231
  225  220  217  216  215  214  209  202  193  184  176  169  162  154  144  132
  121  110  101   94   91   89   89   89   90   90   91   93   97  104  114  126
  137  147  157  164  169  172  174  175  177
    47.5-180.0 180.0   5.0 450.0                            LAT/LON1/LON2/DLON/H
  187  188  188  186  184  183  186  190  194  197  198  197  194  191  188  187
  185  184  182  182  183  186  192  199  208  217  226  234  240  244  243  238
  231  225  221  219  218  216  211  203  194  186  179  173  167  158  147  136
  125  116  109  105  102  101  101  101  101  100  100  100  103  109  118  129
  140  152  162  170  176  180  183  185  187
    45.0-180.0 180.0   5.0 450.0                            LAT/LON1/LON2/DLON/H
  198  200  201  199  196  194  195  197  201  205  207  207  203  199  195  193
  190  188  185  184  184  186  192  199  209  220  230  239  245  248  246  241
  234  228  223  221  219  217  212  204  195  187  181  175  169  161  150  139
  129  122  117  115  113  112  111  111  110  109  108  107  109  113  121  131
  143  155  166  175  183  189  193  196  198
    42.5-180.0 180.0   5.0 450.0                            LAT/LON1/LON2/DLON/H
  212  215  217  216  214  211  210  211  213  216  219  219  216  211  206  203
  200  196  193  190  189  190  196  203  213  225  236  244  249  250  248  243
  237  231  226  223  220  217  212  204  196  188  183  178  172  164  154  143
  134  128  125  123  121  119  118  117  116  116  114  113  113  116  122  132
  144  157  169  180  189  197  203  208  212
    40.0-180.0 180.0   5.0 450.0                            LAT/LON1/LON2/DLON/H
  227  233  237  238  236  234  231  229  229  231  234  234  231  226  222  218
  214  209  204  199  197  198  203  210  221  232  243  250  253  252  250  246
  241  236  232  227  223  218  212  205  198  191  187  182  176  169  160  150
  141  135  131  129  126  123  120  119  119  120  119  117  116  118  122  131
  144  158  171  183  194  204  213  220  227
    37.5-180.0 180.0   5.0 450.0                            LAT/LON1/LON2/DLON/H
  245  254  259  261  261  258  254  250  248  249  252  253  250  246  241  237
  232  225  218  212  208  208  212  220  230  241  251  258  259  257  255  253
  250  247  242  236  228  220  213  207  201  197  193  189  184  178  171  161
  151  143  137  132  128  124  121  120  121  122  121  120  119  119  122  130
  143  158  173  186  199  211  223  234  245
    35.0-180.0 180.0   5.0 450.0                            LAT/LON1/LON2/DLON/H
  263  276  282  284  284  281  277  271  268  269  272  274  272  269  265  260
  254  245  236  227  222  220  224  230  240  251  260  266  266  265  265  266
  266  264  257  247  236  225  217  211  207  205  204  200  194  189  182  173
  161  150  141  135  130  125  121  120  121  123  123  122  120  120  122  129
  143  159  174  188  201  216  231  247  263
    32.5-180.0 180.0   5.0 450.0                            LAT/LON1/LON2/DLON/H
  280  296  303  305  303  300  295  290  287  289  293  296  297  296  293  288
  280  268  256  245  236  233  235  242  251  261  270  275  276  277  279  284
  287  284  274  260  245  232  223  217  215  217  217  212  206  199  193  183
  169  155  144  136  131  126  122  121  123  125  125  123  121  120  122  129
  142  158  174  188  203  220  239  260  280
    30.0-180.0 180.0   5.0 450.0                            LAT/LON1/LON2/DLON/H
  294  313  320  320  317  313  309  305  304  308  314  320  323  324  323  318
  308  294  278  263  252  247  248  253  261  271  279  285  289  292  298  306
  311  306  292  272  255  241  231  226  225  228  229  224  215  206  198  187
  172  156  144  137  133  128  125  124  125  127  126  124  122  122  123  129
  141  157  173  187  203  222  244  269  294
    27.5-180.0 180.0   5.0 450.0                            LAT/LON1/LON2/DLON/H
  302  323  331  330  326  321  317  315  318  325  334  343  350  354  354  349
  338  322  303  284  270  262  261  266  273  282  290  297  304  311  321  331
  336  328  307  282  263  250  241  235  235  238  239  232  219  206  195  183
  167  151  141  137  134  131  128  127  128  129  127  125  124  123  125  130
  141  156  171  186  202  221  244  273  302
    25.0-180.0 180.0   5.0 450.0                            LAT/LON1/LON2/DLON/H
  301  325  334  334  329  324  322  323  329  340  353  366  376  382  384  380
  369  351  329  307  290  280  278  280  287  295  304  313  322  333  346  358
  362  349  320  289  269  258  249  242  241  244  243  233  216  199  186  172
  158  144  137  135  135  133  130  130  130  131  129  126  125  125  127  132
  141  155  169  184  200  218  242  271  301
    22.5-180.0 180.0   5.0 450.0                            LAT/LON1/LON2/DLON/H
  294  318  329  331  328  324  324  328  338  353  370  386  400  409  412  409
  399  381  357  333  314  302  298  298  303  311  321  332  344  358  373  385
  386  367  330  293  272  263  254  246  243  243  240  227  208  190  175  162
  148  137  132  133  135  134  132  131  132  132  130  127  126  127  129  134
  142  154  168  182  197  215  237  264  294
    20.0-180.0 180.0   5.0 450.0                            LAT/LON1/LON2/DLON/H
  284  307  319  324  324  322  324  331  344  363  383  403  420  432  437  436
  427  410  387  362  341  328  322  320  323  331  342  355  370  385  399  410
  407  382  337  294  272  263  253  244  239  238  233  219  201  183  169  156
  144  134  129  130  132  132  130  131  132  133  131  128  127  128  131  135
  143  154  167  181  196  213  233  257  284
    17.5-180.0 180.0   5.0 450.0                            LAT/LON1/LON2/DLON/H
  276  296  309  315  318  319  323  333  348  369  393  416  435  450  458  460
  453  438  416  391  371  357  349  344  346  354  366  381  396  411  424  430
  423  391  340  293  269  258  247  238  233  233  228  216  200  185  172  161
  150  138  130  128  128  128  127  128  131  133  131  129  128  129  131  137
  145  155  168  182  197  214  232  253  276
    15.0-180.0 180.0   5.0 450.0                            LAT/LON1/LON2/DLON/H
  273  289  300  308  313  316  322  333  350  373  397  422  444  462  473  478
  475  463  443  419  400  387  377  371  371  379  392  406  421  434  443  445
  432  394  338  290  265  253  241  233  231  232  229  222  211  200  191  181
  166  149  133  126  124  123  122  124  128  130  130  128  127  127  131  137
  145  156  169  184  201  219  237  255  273
    12.5-180.0 180.0   5.0 450.0                            LAT/LON1/LON2/DLON/H
  277  288  297  304  309  315  322  334  352  374  399  423  446  466  482  491
  492  483  466  445  427  415  405  399  399  406  418  431  442  450  455  451
  432  390  334  288  265  251  240  234  236  240  242  241  236  229  220  208
  189  163  139  126  121  118  118  119  122  125  125  124  123  124  128  135
  144  155  169  185  205  226  246  263  277
    10.0-180.0 180.0   5.0 450.0                            LAT/LON1/LON2/DLON/H
  287  294  299  303  309  316  324  336  353  375  398  421  443  465  484  497
  502  497  483  465  450  439  432  426  427  434  444  452  458  460  458  450
  427  383  330  291  270  258  249  248  253  260  266  269  268  262  252  237
  211  178  146  128  119  115  114  114  115  116  116  116  116  118  122  130
  139  151  166  186  208  233  256  275  287
     7.5-180.0 180.0   5.0 450.0                            LAT/LON1/LON2/DLON/H
  297  302  304  306  312  319  328  340  357  378  399  418  438  460  482  498
  505  504  493  478  466  458  454  452  454  461  467  469  467  462  455  443
  419  378  332  300  284  276  272  274  279  285  292  299  299  292  279  259
  228  188  152  130  120  114  111  109  106  105  104  105  107  109  114  122
  132  143  160  183  210  239  266  286  297
     5.0-180.0 180.0   5.0 450.0                            LAT/LON1/LON2/DLON/H
  307  311  310  310  316  325  334  347  364  385  403  418  433  454  475  492
  502  503  495  485  476  471  471  473  477  483  484  480  470  458  446  433
  412  377  343  321  310  304  303  305  306  307  312  319  319  309  292  267
  232  191  154  132  121  114  109  103   97   92   91   93   96   99  105  113
  121  132  150  178  209  241  270  293  307
     2.5-180.0 180.0   5.0 450.0                            LAT/LON1/LON2/DLON/H
  312  317  315  315  321  330  341  354  373  394  411  421  431  447  465  482
  492  494  489  482  478  477  481  487  493  497  493  482  466  448  433  422
  407  384  364  349  337  330  329  328  322  316  317  322  320  307  286  259
  225  186  153  132  121  113  105   97   87   80   79   81   85   90   96  103
  110  120  140  171  206  239  269  295  312
