vlbi-pipeline/geod/jplg2210.15i
     1.0            IONOSPHERE MAPS     GPS                 IONEX VERSION / TYPE
GIM V3.0            JPL - GNISD         12-aug-2015 01:03   PGM / RUN BY / DATE 
JPL'S GLOBAL IONOSPHERE MAPS YEAR 2015 DAY 221              COMMENT             
Global Ionospheric Maps (GIM) are generated on an hourly    DESCRIPTION         
and daily basis at JPL using data from up to 100 GPS sites  DESCRIPTION         
of the IGS and others institutions.                         DESCRIPTION         
The vertical TEC is modeled in a solar-geomagnetic          DESCRIPTION         
reference frame using bi-cubic splines on a spherical grid. DESCRIPTION         
A Kalman filter is used to solve simultaneously for         DESCRIPTION         
instrumental biases and VTEC on the grid (as stochastic     DESCRIPTION         
parameters).                                                DESCRIPTION         
Contact Address:  gpsiono@cobra.jpl.nasa.gov .              DESCRIPTION         
  2015     8     9     0     0     0                        EPOCH OF FIRST MAP  
  2015     8    10     0     0     0                        EPOCH OF LAST MAP   
  7200                                                      INTERVAL            
    13                                                      # OF MAPS IN FILE   
  NONE                                                      MAPPING FUNCTION    
    10.0                                                    ELEVATION CUTOFF    
One-way carrier phase leveled to code                       OBSERVABLES USED    
   170                                                      # OF STATIONS       
    31                                                      # OF SATELLITES     
  6371.0                                                    BASE RADIUS         
     2                                                      MAP DIMENSION       
   450.0 450.0   0.0                                        HGT1 / HGT2 / DHGT  
    87.5 -87.5  -2.5                                        LAT1 / LAT2 / DLAT  
  -180.0 180.0   5.0                                        LON1 / LON2 / DLON  
    -1                                                      EXPONENT            
TEC/RMS values in 0.1 TECU; 9999, if no value available     COMMENT             
                                                            END OF HEADER       
[from data line 2574]
     7                                                      START OF TEC MAP    
  2015     8     9    12     0     0                        EPOCH OF CURRENT MAP
    87.5-180.0 180.0   5.0 450.0                            LAT/LON1/LON2/DLON/H
  142  141  141  141  140  140  140  140  140  140  140  140  140  140  140  141
  141  141  142  142  142  143  143  144  144  144  145  145  146  146  146  146
  147  147  147  147  147  148  148  148  148  148  148  148  148  148  148  148
  148  148  147  147  147  147  147  147  147  146  146  146  146  145  145  145
  144  144  144  143  143  143  142  142  142
    85.0-180.0 180.0   5.0 450.0                            LAT/LON1/LON2/DLON/H
  140  139  138  138  137  136  136  135  135  135  135  135  135  135  136  136
  137  138  139  140  141  142  142  143  144  145  146  147  148  148  149  149
  149  150  150  150  150  150  150  150  150  150  150  150  150  150  150  149
  149  149  149  149  149  149  149  148  148  148  148  147  147  147  146  146
  145  145  144  143  143  142  141  140  140
    82.5-180.0 180.0   5.0 450.0                            LAT/LON1/LON2/DLON/H
  139  137  136  135  134  133  132  131  130  130  130  130  130  130  131  132
  133  134  136  137  139  140  142  143  145  146  147  149  150  150  151  151
  152  152  152  152  151  151  151  150  150  150  150  150  149  149  149  149
  149  149  149  149  149  149  149  149  149  148  148  148  147  147  146  146
  145  145  144  143  142  141  140  140  139
    80.0-180.0 180.0   5.0 450.0                            LAT/LON1/LON2/DLON/H
  137  136  135  134  132  131  129  128  127  126  125  125  125  125  126  127
  129  130  132  134  136  138  141  143  145  147  148  150  151  152  153  154
  154  154  153  153  152  151  150  149  148  148  147  147  147  148  148  148
  148  148  148  148  148  148  148  147  147  147  146  146  146  145  145  144
  143  142  142  141  140  140  139  138  137
    77.5-180.0 180.0   5.0 450.0                            LAT/LON1/LON2/DLON/H
  135  134  133  132  131  129  127  125  124  122  121  120  120  120  121  122
  124  126  128  130  133  136  138  141  144  146  148  150  152  154  155  156
  156  156  155  154  152  151  149  147  146  145  145  145  145  145  146  146
  147  147  146  146  145  145  144  143  143  142  142  141  140  140  139  138
  137  136  136  135  135  135  135  135  135
    75.0-180.0 180.0   5.0 450.0                            LAT/LON1/LON2/DLON/H
  130  130  130  130  129  127  126  123  121  120  118  117  116  116  117  118
  119  121  124  126  129  132  135  138  141  144  147  150  152  154  156  158
  159  159  158  156  154  152  149  147  145  143  143  143  143  144  145  145
  146  145  145  144  142  141  140  138  137  136  135  134  133  131  130  128
  127  125  125  124  125  126  127  129  130
    72.5-180.0 180.0   5.0 450.0                            LAT/LON1/LON2/DLON/H
  121  123  125  126  125  125  123  121  120  118  116  115  115  114  115  115
  116  118  120  122  125  128  131  134  138  142  145  148  151  153  156  158
  159  160  160  159  157  154  151  148  146  144  143  143  144  145  146  146
  146  146  144  143  141  139  136  134  133  131  129  128  126  124  121  118
  115  113  111  110  111  113  116  118  121
    70.0-180.0 180.0   5.0 450.0                            LAT/LON1/LON2/DLON/H
  110  114  117  118  119  120  119  118  117  116  115  115  115  115  115  115
  115  116  117  119  121  123  127  130  134  139  143  146  149  152  155  157
  159  161  162  162  160  158  155  152  150  148  147  148  148  149  149  149
  149  148  146  144  142  140  137  134  132  130  128  125  122  119  115  110
  105  101   99   97   98  100  103  107  110
    67.5-180.0 180.0   5.0 450.0                            LAT/LON1/LON2/DLON/H
   99  103  106  109  110  112  112  112  112  113  114  115  116  116  117  117
  117  116  116  117  118  120  123  126  131  136  140  145  148  151  154  156
  159  162  164  165  165  163  161  159  157  156  155  155  155  155  155  154
  153  151  149  148  147  145  143  141  138  135  132  129  126  121  115  109
  102   96   91   88   88   89   92   95   99
    65.0-180.0 180.0   5.0 450.0                            LAT/LON1/LON2/DLON/H
   90   93   95   98  100  101  102  103  104  107  110  113  116  118  119  119
  118  118  117  116  116  117  119  123  127  133  138  143  148  151  154  157
  160  163  166  168  169  169  168  167  166  165  165  164  164  163  162  160
  157  155  154  154  155  156  156  155  152  149  145  141  137  132  125  117
  108  100   93   87   84   83   84   87   90
    62.5-180.0 180.0   5.0 450.0                            LAT/LON1/LON2/DLON/H
   84   85   86   87   88   89   89   90   93   97  103  109  113  117  119  119
  120  119  117  115  114  115  117  120  125  131  137  143  148  153  156  159
  162  166  169  173  175  176  177  176  176  176  175  175  174  172  169  166
  162  159  159  162  166  171  174  174  171  168  163  159  154  148  141  133
  123  113  104   96   90   86   84   83   84
    60.0-180.0 180.0   5.0 450.0                            LAT/LON1/LON2/DLON/H
   82   81   80   79   79   78   77   78   80   86   93  100  106  111  115  117
  118  118  117  115  114  113  115  118  123  129  136  144  151  157  161  164
  167  171  175  179  182  184  186  186  187  187  186  185  183  180  176  171
  166  163  164  169  177  186  192  194  192  188  183  178  173  167  160  151
  141  131  120  110  102   95   89   85   82
    57.5-180.0 180.0   5.0 450.0                            LAT/LON1/LON2/DLON/H
   85   81   78   75   72   70   67   67   69   74   81   89   96  101  106  110
  113  115  115  114  113  113  115  118  123  130  138  146  155  163  169  172
  175  178  182  186  190  193  195  197  197  197  197  195  193  188  183  176
  170  166  168  175  187  199  208  212  211  208  202  195  188  182  175  168
  158  148  137  126  116  107   98   91   85
    55.0-180.0 180.0   5.0 450.0                            LAT/LON1/LON2/DLON/H
   90   83   79   75   71   67   63   60   61   65   71   77   84   89   94   99
  105  110  112  113  113  114  116  120  125  132  140  151  162  172  179  183
  185  188  191  196  200  203  206  207  208  208  208  206  202  197  190  181
  174  170  171  180  193  207  218  224  225  222  215  206  197  190  184  178
  170  161  150  139  128  118  107   98   90
    52.5-180.0 180.0   5.0 450.0                            LAT/LON1/LON2/DLON/H
   94   87   82   78   74   69   65   61   59   60   63   68   72   77   82   88
   96  103  108  111  113  115  119  123  128  135  145  156  169  181  190  194
  197  198  201  206  210  214  217  218  220  220  219  217  212  205  197  187
  178  173  175  183  196  210  222  229  232  230  222  210  199  191  185  179
  173  165  156  146  135  125  114  103   94
    50.0-180.0 180.0   5.0 450.0                            LAT/LON1/LON2/DLON/H
   97   90   85   82   79   75   71   67   63   61   62   63   65   68   72   79
   88   97  105  110  114  118  122  127  133  140  149  162  176  189  199  205
  207  209  212  216  221  225  229  231  233  234  233  230  224  215  205  193
  183  178  178  185  196  208  220  229  234  232  223  209  196  186  180  175
  170  163  155  146  136  127  117  106   97
    47.5-180.0 180.0   5.0 450.0                            LAT/LON1/LON2/DLON/H
   98   92   89   87   85   83   80   76   71   67   65   64   64   65   67   73
   83   94  104  111  117  122  127  132  138  145  154  166  181  195  207  213
  217  219  223  228  233  238  242  245  247  250  250  246  238  227  214  200
  189  182  181  186  195  205  216  225  231  230  220  204  189  178  173  169
  165  158  150  142  134  125  116  106   98
    45.0-180.0 180.0   5.0 450.0                            LAT/LON1/LON2/DLON/H
   97   93   91   91   91   91   89   86   81   76   72   70   68   68   69   74
   83   95  106  114  121  126  131  137  143  150  159  170  184  198  211  219
  224  228  233  240  247  253  257  261  264  268  269  265  255  240  224  209
  195  186  183  186  193  201  210  218  224  222  212  196  181  171  167  164
  160  154  146  138  131  123  114  105   97
    42.5-180.0 180.0   5.0 450.0                            LAT/LON1/LON2/DLON/H
   97   93   92   94   95   97   97   95   91   86   82   79   77   75   75   79
   87  100  112  120  126  131  136  142  148  154  162  172  185  199  212  222
  230  237  244  253  261  269  274  278  283  289  291  286  274  256  237  218
  202  190  185  186  191  197  204  211  215  212  202  188  174  167  165  164
  161  154  146  138  130  122  113  104   97
    40.0-180.0 180.0   5.0 450.0                            LAT/LON1/LON2/DLON/H
   98   94   94   96   99  101  103  103  100   96   93   91   88   85   83   86
   94  107  119  127  132  137  141  147  152  158  165  174  186  199  213  225
  235  245  256  267  278  287  293  298  304  311  314  308  294  274  252  230
  209  194  187  186  190  196  202  207  208  203  193  181  171  167  167  168
  165  159  150  142  133  124  114  105   98
    37.5-180.0 180.0   5.0 450.0                            LAT/LON1/LON2/DLON/H
  100   96   96   98  101  104  107  108  108  106  105  103  100   96   92   93
  101  114  127  135  139  143  147  151  156  162  168  176  186  199  213  228
  241  254  268  282  296  306  314  319  325  332  336  330  315  293  269  244
  220  201  191  191  195  201  206  209  207  200  190  180  173  172  174  175
  172  166  158  149  140  130  119  108  100
    35.0-180.0 180.0   5.0 450.0                            LAT/LON1/LON2/DLON/H
  104  100   99  100  103  107  110  113  114  116  116  115  112  105   99   98
  106  120  134  142  146  149  152  157  161  166  171  178  187  200  215  231
  248  265  282  300  315  328  336  342  347  354  356  351  336  314  289  262
  235  213  202  202  208  215  220  221  216  207  196  187  182  182  183  182
  179  173  166  157  147  136  124  113  104
    32.5-180.0 180.0   5.0 450.0                            LAT/LON1/LON2/DLON/H
  110  104  102  103  106  109  113  117  120  123  126  126  121  112  104  101
  108  123  138  148  152  155  158  162  166  170  175  181  190  203  219  237
  256  276  297  318  337  351  360  365  370  374  375  370  357  337  312  285
  257  234  223  225  234  242  247  247  240  228  215  206  200  196  193  189
  183  178  170  162  152  141  130  119  110
    30.0-180.0 180.0   5.0 450.0                            LAT/LON1/LON2/DLON/H
  115  110  107  107  109  113  116  119  123  128  133  132  126  117  106  101
  107  124  141  152  158  162  165  168  172  176  180  186  195  208  225  244
  265  289  314  339  360  376  386  391  393  395  394  389  378  361  339  314
  287  266  257  262  273  281  286  285  277  262  247  235  225  215  204  193
  184  177  170  162  153  143  134  124  115
    27.5-180.0 180.0   5.0 450.0                            LAT/LON1/LON2/DLON/H
  121  116  113  113  114  116  119  121  124  129  134  134  128  117  106  100
  106  123  141  155  162  167  171  174  178  182  186  192  202  215  233  254
  276  302  331  360  385  402  412  416  417  415  412  407  399  387  370  349
  326  308  302  310  321  329  333  331  321  305  287  270  254  237  216  197
  182  174  166  157  148  141  135  128  121
    25.0-180.0 180.0   5.0 450.0                            LAT/LON1/LON2/DLON/H
  126  122  121  120  120  120  121  121  123  127  131  131  125  115  104   98
  104  120  140  155  165  171  176  179  183  187  192  199  210  226  244  266
  289  317  350  383  410  427  437  440  440  436  431  427  422  415  403  387
  368  354  352  360  371  379  382  378  366  349  330  309  286  260  230  202
  182  171  162  151  142  137  134  131  126
    22.5-180.0 180.0   5.0 450.0                            LAT/LON1/LON2/DLON/H
  132  130  130  129  127  125  124  122  121  123  126  124  118  109  100   96
  102  118  138  155  166  174  179  183  188  193  199  208  221  238  259  280
  303  332  369  405  433  451  460  463  461  456  450  447  445  442  436  425
  410  399  398  407  418  425  427  420  407  390  370  346  318  285  246  210
  186  171  160  148  139  135  135  134  132
    20.0-180.0 180.0   5.0 450.0                            LAT/LON1/LON2/DLON/H
  139  139  140  140  135  131  126  122  118  118  118  116  110  103   97   94
  100  115  134  152  165  173  179  185  191  198  206  218  234  254  275  296
  319  349  387  426  455  471  479  482  481  475  468  465  466  467  466  459
  447  437  436  444  454  462  463  454  439  422  404  379  347  309  265  225
  196  179  166  152  142  138  139  139  139
    17.5-180.0 180.0   5.0 450.0                            LAT/LON1/LON2/DLON/H
  147  148  151  150  144  136  129  123  117  114  112  108  102   97   94   94
   99  112  130  148  162  171  178  186  194  203  214  229  248  270  292  314
  336  366  405  444  472  487  493  497  496  490  483  480  483  487  489  485
  474  463  461  467  477  487  489  479  461  445  429  406  372  330  285  244
  213  194  180  167  156  150  149  148  147
    15.0-180.0 180.0   5.0 450.0                            LAT/LON1/LON2/DLON/H
  158  158  161  160  152  142  133  125  117  112  108  102   96   93   93   94
   99  110  126  144  158  168  177  187  199  211  225  243  264  287  310  331
  354  383  422  460  485  497  501  506  507  501  492  489  493  500  504  501
  490  479  475  479  489  502  506  494  474  459  446  424  389  347  303  263
  232  211  199  189  179  171  165  161  158
    12.5-180.0 180.0   5.0 450.0                            LAT/LON1/LON2/DLON/H
  170  168  168  167  159  147  137  128  119  112  106  100   94   92   93   96
  100  108  123  140  154  165  176  190  205  221  238  258  281  304  326  348
  371  400  436  470  492  500  503  508  511  504  493  489  495  505  511  508
  497  485  479  482  493  508  514  500  479  463  451  430  397  357  316  277
  246  226  217  212  205  195  185  176  170
    10.0-180.0 180.0   5.0 450.0                            LAT/LON1/LON2/DLON/H
  181  175  173  171  164  153  143  133  123  114  107  100   95   94   95   98
  102  108  121  136  151  163  177  195  215  235  255  277  299  320  341  362
  385  413  446  475  491  495  497  503  508  501  487  482  491  503  510  506
  495  483  477  479  490  507  513  499  475  457  444  424  394  357  319  282
  252  233  228  231  228  217  203  191  181
     7.5-180.0 180.0   5.0 450.0                            LAT/LON1/LON2/DLON/H
  189  180  175  173  168  159  149  139  128  118  110  103   98   97   99  101
  104  109  120  134  149  163  180  202  227  252  274  296  316  334  353  373
  395  421  449  471  481  481  482  490  497  491  475  468  479  495  501  497
  487  476  471  474  485  499  504  489  464  442  425  405  379  347  312  276
  246  227  228  238  241  232  217  202  189
     5.0-180.0 180.0   5.0 450.0                            LAT/LON1/LON2/DLON/H
  193  182  176  174  172  166  156  146  135  124  115  108  103  102  103  105
  106  111  120  134  149  165  185  211  240  268  292  312  330  345  362  380
  400  422  442  456  460  458  460  470  480  474  457  450  463  480  487  481
  471  463  461  465  474  485  487  471  445  420  398  377  356  329  296  261
  229  212  216  233  242  236  222  207  193
     2.5-180.0 180.0   5.0 450.0                            LAT/LON1/LON2/DLON/H
  193  182  175  174  175  172  164  153  142  131  122  115  110  108  107  108
  109  113  121  134  150  169  191  219  251  281  305  324  339  352  366  381
  397  413  426  432  431  428  431  444  457  453  436  429  443  461  466  459
  450  445  445  450  457  464  460  443  418  390  364  343  326  305  274  239
  207  190  197  218  231  229  219  206  193
