vlbi-pipeline/geod/jplg2210.15i
     1.0            IONOSPHERE MAPS     GPS                 IONEX VERSION / TYPE
GIM V3.0            JPL - GNISD         12-aug-2015 01:03   PGM / RUN BY / DATE 
JPL'S GLOBAL IONOSPHERE MAPS YEAR 2015 DAY 221              COMMENT             
Global Ionospheric Maps (GIM) are generated on an hourly    DESCRIPTION         
and daily basis at JPL using data from up to 100 GPS sites  DESCRIPTION         
of the IGS and others institutions.                         DESCRIPTION         
The vertical TEC is modeled in a solar-geomagnetic          DESCRIPTION         
reference frame using bi-cubic splines on a spherical grid. DESCRIPTION         
A Kalman filter is used to solve simultaneously for         DESCRIPTION         
instrumental biases and VTEC on the grid (as stochastic     DESCRIPTION         
parameters).                                                DESCRIPTION         
Contact Address:  gpsiono@cobra.jpl.nasa.gov .              DESCRIPTION         
  2015     8     9     0     0     0                        EPOCH OF FIRST MAP  
  2015     8    10     0     0     0                        EPOCH OF LAST MAP   
  7200                                                      INTERVAL            
    13                                                      # OF MAPS IN FILE   
  NONE                                                      MAPPING FUNCTION    
    10.0                                                    ELEVATION CUTOFF    
One-way carrier phase leveled to code                       OBSERVABLES USED    
   170                                                      # OF STATIONS       
    31                                                      # OF SATELLITES     
  6371.0                                                    BASE RADIUS         
     2                                                      MAP DIMENSION       
   450.0 450.0   0.0                                        HGT1 / HGT2 / DHGT  
    87.5 -87.5  -2.5                                        LAT1 / LAT2 / DLAT  
  -180.0 180.0   5.0                                        LON1 / LON2 / DLON  
    -1                                                      EXPONENT            
TEC/RMS values in 0.1 TECU; 9999, if no value available     COMMENT             
                                                            END OF HEADER       
[from data line 3003]
     8                                                      START OF TEC MAP    
  2015     8     9    14     0     0                        EPOCH OF CURRENT MAP
    87.5-180.0 180.0   5.0 450.0                            LAT/LON1/LON2/DLON/H
  145  145  144  144  144  144  143  143  143  143  143  143  144  144  144  144
  144  145  145  145  146  146  146  147  147  147  148  148  148  148  149  149
  149  149  149  150  150  150  150  150  151  151  151  151  151  151  151  152
  152  152  152  152  152  152  151  151  151  151  151  150  150  149  149  149
  148  148  147  147  146  146  146  145  145
    85.0-180.0 180.0   5.0 450.0                            LAT/LON1/LON2/DLON/H
  141  141  140  140  140  139  139  139  139  139  139  139  140  140  140  141
  142  142  143  144  144  145  146  146  147  148  148  148  149  149  149  150
  150  150  150  150  150  151  151  151  151  151  152  152  152  153  153  153
  154  154  154  154  154  154  154  154  154  153  153  152  151  151  150  149
  148  147  146  145  144  144  143  142  141
    82.5-180.0 180.0   5.0 450.0                            LAT/LON1/LON2/DLON/H
  138  138  138  137  137  137  136  136  136  136  136  136  137  137  138  139
  139  140  141  143  144  145  146  147  148  149  149  150  150  150  150  150
  150  150  150  150  150  149  149  149  149  150  150  151  151  152  152  153
  154  154  155  155  155  156  155  155  155  154  153  152  151  150  149  147
  146  145  143  142  141  140  140  139  138
    80.0-180.0 180.0   5.0 450.0                            LAT/LON1/LON2/DLON/H
  136  136  136  136  136  136  135  135  134  134  134  134  134  135  135  136
  138  139  140  142  143  145  146  148  149  150  151  151  152  152  152  152
  151  151  150  149  148  147  146  146  146  146  146  147  148  149  150  151
  152  153  153  154  154  154  154  153  153  152  151  149  148  146  144  143
  141  140  139  138  137  136  136  136  136
    77.5-180.0 180.0   5.0 450.0                            LAT/LON1/LON2/DLON/H
  133  134  134  135  135  135  135  134  134  133  132  132  132  132  133  134
  136  137  139  141  143  145  147  149  150  152  153  154  154  155  155  154
  154  152  151  149  147  145  143  142  142  141  142  143  144  145  146  147
  148  149  149  150  149  149  149  148  147  145  144  142  140  138  136  134
  132  131  130  130  130  130  131  132  133
    75.0-180.0 180.0   5.0 450.0                            LAT/LON1/LON2/DLON/H
  127  129  131  133  134  134  134  134  133  132  132  131  131  131  132  133
  134  136  138  141  143  146  148  150  152  153  154  155  156  157  157  157
  157  155  153  151  148  145  142  140  138  138  138  139  140  141  143  144
  144  144  144  144  143  142  141  139  138  136  134  131  128  126  123  121
  120  118  118  118  119  121  123  125  127
    72.5-180.0 180.0   5.0 450.0                            LAT/LON1/LON2/DLON/H
  118  121  124  127  129  131  132  133  133  132  132  131  131  131  131  132
  133  135  137  140  143  146  148  151  153  154  155  156  157  158  159  159
  159  158  156  154  150  146  143  140  138  137  137  138  139  140  141  141
  141  140  139  138  136  135  133  132  130  127  125  121  118  114  111  108
  106  104  104  105  106  108  111  114  118
    70.0-180.0 180.0   5.0 450.0                            LAT/LON1/LON2/DLON/H
  104  108  113  117  122  125  128  130  131  132  132  132  132  132  132  132
  132  134  136  139  142  145  148  151  153  155  156  157  158  159  159  160
  161  161  160  157  154  150  146  143  140  139  139  140  141  141  141  141
  140  138  136  134  133  131  130  128  126  124  120  116  111  106  102   97
   94   92   91   91   92   94   97  100  104
    67.5-180.0 180.0   5.0 450.0                            LAT/LON1/LON2/DLON/H
   89   93   98  104  110  115  121  125  128  130  131  132  133  132  132  132
  132  132  134  137  141  144  147  150  153  154  156  157  158  159  160  161
  162  163  162  161  158  154  151  148  146  145  145  146  146  146  145  144
  141  139  136  135  134  133  133  132  131  128  125  119  113  106   99   92
   87   83   80   79   79   81   83   86   89
    65.0-180.0 180.0   5.0 450.0                            LAT/LON1/LON2/DLON/H
   75   79   83   89   96  103  110  116  122  126  129  131  132  132  132  131
  130  131  133  136  139  143  146  149  151  153  155  156  157  159  160  162
  164  165  165  164  162  159  157  154  153  153  153  154  154  153  152  149
  146  142  140  140  141  143  145  146  146  144  139  133  124  115  105   95
   86   80   75   72   71   71   72   73   75
    62.5-180.0 180.0   5.0 450.0                            LAT/LON1/LON2/DLON/H
   65   67   70   76   83   91   99  106  113  119  124  128  130  131  130  129
  129  129  131  134  137  141  144  147  150  152  154  155  157  159  162  164
  166  168  169  168  167  165  163  161  161  161  162  163  163  162  160  156
  152  149  147  149  152  157  162  166  167  165  160  152  142  129  116  104
   92   83   75   71   68   66   66   65   65
    60.0-180.0 180.0   5.0 450.0                            LAT/LON1/LON2/DLON/H
   62   62   63   66   72   79   87   95  103  110  117  122  126  127  128  127
  127  128  129  132  135  139  142  146  149  151  154  156  159  162  165  169
  171  173  174  174  173  171  169  168  168  169  171  172  172  171  169  165
  160  157  156  159  166  174  182  188  190  189  183  173  160  146  130  115
  101   89   80   74   70   68   66   64   62
    57.5-180.0 180.0   5.0 450.0                            LAT/LON1/LON2/DLON/H
   65   63   62   63   66   72   78   86   93  101  109  115  120  123  124  125
  125  126  128  131  134  137  140  144  148  152  155  159  163  168  172  176
  179  180  181  181  180  178  176  175  175  177  178  180  180  180  177  173
  169  165  165  169  178  189  200  207  210  208  201  190  175  159  143  126
  110   97   87   80   76   74   72   69   65
    55.0-180.0 180.0   5.0 450.0                            LAT/LON1/LON2/DLON/H
   72   68   66   65   65   68   72   78   85   93  101  108  114  118  121  123
  124  126  128  130  133  136  139  144  149  154  159  164  170  176  181  185
  188  189  190  190  189  187  185  183  182  183  185  187  188  187  184  180
  175  172  173  178  188  200  212  220  223  220  211  198  182  166  150  133
  118  104   93   87   84   82   80   77   72
    52.5-180.0 180.0   5.0 450.0                            LAT/LON1/LON2/DLON/H
   81   76   72   69   68   68   70   74   80   88   96  103  109  114  118  121
  124  127  129  131  133  135  139  144  151  158  165  172  178  185  191  195
  198  200  200  200  200  198  195  192  190  191  192  194  194  193  189  185
  180  177  178  184  193  205  217  225  228  223  212  197  181  165  151  136
  122  109   99   94   91   90   89   85   81
    50.0-180.0 180.0   5.0 450.0                            LAT/LON1/LON2/DLON/H
   88   83   78   74   71   70   71   73   79   86   94  101  107  112  117  122
  126  129  131  133  134  136  140  146  154  163  171  179  187  194  200  205
  208  210  211  212  213  212  208  204  201  200  201  201  201  197  192  186
  181  180  182  187  196  206  216  224  225  219  206  190  174  160  148  136
  124  112  104   99   98   97   95   92   88
    47.5-180.0 180.0   5.0 450.0                            LAT/LON1/LON2/DLON/H
   91   87   82   78   75   73   72   74   79   87   96  102  108  113  118  124
  129  133  135  136  137  138  142  148  158  168  178  187  195  202  208  213
  216  219  222  225  227  228  224  219  215  212  212  211  208  201  193  186
  182  181  184  189  196  204  212  218  219  212  197  180  165  154  145  136
  126  116  109  104  103  102  100   96   91
    45.0-180.0 180.0   5.0 450.0                            LAT/LON1/LON2/DLON/H
   92   87   83   80   78   76   75   76   82   91  100  106  111  116  122  129
  135  139  141  142  142  142  146  152  162  173  184  193  201  208  214  219
  224  228  233  238  243  245  243  238  233  229  226  223  217  207  196  187
  182  183  186  190  195  199  205  210  210  202  188  171  158  149  144  138
  130  122  115  110  108  105  102   97   92
    42.5-180.0 180.0   5.0 450.0                            LAT/LON1/LON2/DLON/H
   92   87   83   80   79   78   77   78   85   95  106  113  117  121  128  136
  143  147  149  150  149  149  151  157  167  178  189  198  206  212  219  225
  231  238  246  254  261  265  265  260  255  250  245  239  229  216  201  190
  185  186  189  191  192  194  197  201  201  194  180  165  154  149  147  143
  137  130  123  117  113  109  103   97   92
    40.0-180.0 180.0   5.0 450.0                            LAT/LON1/LON2/DLON/H
   91   86   82   81   81   80   79   80   87  100  113  121  125  129  136  144
  152  157  159  159  157  157  158  164  172  183  194  203  210  217  224  232
  241  250  260  271  280  287  288  286  281  275  268  259  245  228  211  199
  193  193  194  194  191  189  189  192  193  186  174  162  155  153  152  151
  147  140  133  126  119  112  104   97   91
    37.5-180.0 180.0   5.0 450.0                            LAT/LON1/LON2/DLON/H
   91   86   82   82   83   83   81   82   90  106  121  131  135  139  146  154
  162  168  170  169  167  166  166  171  178  188  199  208  215  223  233  243
  254  266  278  290  302  310  314  313  309  303  295  283  267  246  227  213
  206  205  203  199  193  187  185  186  186  181  172  164  159  159  160  159
  156  151  144  135  126  116  106   98   91
    35.0-180.0 180.0   5.0 450.0                            LAT/LON1/LON2/DLON/H
   93   88   85   86   88   88   85   84   93  111  129  141  147  151  156  164
  172  178  181  180  177  175  175  178  184  194  204  213  222  233  245  259
  272  285  299  312  325  335  340  342  340  335  326  312  292  269  248  233
  226  222  217  209  199  190  185  185  184  180  174  168  166  166  166  167
  165  160  153  143  132  120  109  100   93
    32.5-180.0 180.0   5.0 450.0                            LAT/LON1/LON2/DLON/H
   96   92   90   92   94   93   89   88   96  116  136  151  159  163  167  173
  182  189  192  191  188  185  184  186  191  199  209  220  232  246  262  279
  295  309  323  337  350  360  367  371  371  368  359  343  321  296  273  259
  251  246  238  227  213  200  192  189  187  183  180  177  174  172  171  170
  169  165  158  149  137  124  112  103   96
    30.0-180.0 180.0   5.0 450.0                            LAT/LON1/LON2/DLON/H
  101   98   97   99  101  100   95   92  100  119  141  158  169  174  177  182
  191  199  202  201  197  194  193  193  198  206  216  229  244  262  282  303
  321  337  350  364  376  387  395  401  403  400  391  375  352  325  303  289
  282  276  267  252  235  219  207  200  195  191  189  188  184  178  172  170
  168  165  159  151  141  128  116  107  101
    27.5-180.0 180.0   5.0 450.0                            LAT/LON1/LON2/DLON/H
  106  104  103  106  109  107  101   97  102  120  142  161  174  181  185  191
  200  208  212  210  206  203  201  202  206  214  226  241  260  283  306  330
  351  367  380  393  404  414  422  429  432  431  421  405  382  356  335  323
  317  312  301  284  264  244  228  216  208  203  203  202  196  184  173  167
  164  161  156  150  143  133  122  112  106
    25.0-180.0 180.0   5.0 450.0                            LAT/LON1/LON2/DLON/H
  112  109  109  112  115  113  107  101  104  118  138  157  173  184  191  198
  208  217  220  218  213  210  210  211  216  226  240  258  281  306  334  361
  383  400  412  423  431  440  447  454  458  456  447  430  409  387  369  359
  355  349  337  319  296  273  252  236  225  219  218  217  208  191  175  166
  161  156  152  149  145  139  128  118  112
    22.5-180.0 180.0   5.0 450.0                            LAT/LON1/LON2/DLON/H
  117  114  113  115  118  117  111  105  106  115  131  150  168  183  194  204
  215  224  227  224  219  217  218  222  230  242  259  280  306  334  364  392
  416  432  444  451  457  463  468  474  478  476  466  449  432  415  402  395
  391  385  372  352  328  302  279  259  245  238  236  234  222  201  180  167
  160  153  149  148  148  144  135  124  117
    20.0-180.0 180.0   5.0 450.0                            LAT/LON1/LON2/DLON/H
  122  117  115  116  118  118  114  108  107  112  124  141  161  179  195  209
  222  231  232  227  223  222  226  234  247  264  284  307  334  364  394  423
  446  461  471  477  479  481  484  488  491  489  479  464  451  440  432  427
  424  416  402  381  357  331  304  282  267  258  255  250  236  213  191  175
  164  155  150  149  151  150  141  130  122
    17.5-180.0 180.0   5.0 450.0                            LAT/LON1/LON2/DLON/H
  127  121  117  116  117  117  115  111  108  110  119  133  153  174  194  212
  227  235  235  230  225  226  234  248  267  288  312  337  364  393  422  449
  470  484  492  495  496  495  494  496  499  497  487  475  466  461  458  455
  450  440  424  403  381  355  327  303  287  278  271  263  248  226  204  186
  173  163  156  154  155  154  147  136  127
    15.0-180.0 180.0   5.0 450.0                            LAT/LON1/LON2/DLON/H
  132  124  118  115  115  116  116  113  111  112  117  129  147  169  193  213
  229  237  237  232  228  231  244  263  288  314  340  366  393  420  445  468
  486  498  504  506  505  502  499  499  503  502  493  484  479  478  478  476
  469  455  436  416  397  372  344  319  303  292  282  271  256  236  216  198
  184  172  164  159  158  157  151  142  132
    12.5-180.0 180.0   5.0 450.0                            LAT/LON1/LON2/DLON/H
  138  128  121  116  114  115  116  116  115  115  119  128  143  165  189  212
  229  237  238  234  232  238  255  279  309  339  368  393  417  440  460  478
  491  500  506  508  507  503  498  498  502  503  498  492  490  491  490  488
  478  460  438  419  403  380  352  327  310  298  285  271  256  239  223  206
  192  181  172  165  160  159  155  148  138
    10.0-180.0 180.0   5.0 450.0                            LAT/LON1/LON2/DLON/H
  143  133  124  118  116  117  118  119  119  119  122  128  142  162  185  208
  225  235  238  238  239  248  268  296  329  362  391  415  435  453  467  479
  488  495  500  503  502  498  493  494  500  503  501  499  498  496  494  489
  477  455  430  412  397  376  348  323  306  291  275  259  245  233  220  207
  195  185  176  168  161  159  158  153  143
     7.5-180.0 180.0   5.0 450.0                            LAT/LON1/LON2/DLON/H
  148  137  129  123  120  120  121  121  122  122  124  129  140  158  181  202
  220  232  239  243  248  260  282  312  347  381  409  431  447  460  469  475
  479  483  488  490  489  486  484  487  494  499  500  500  498  494  488  480
  464  438  411  393  378  359  333  308  290  273  256  238  225  216  207  198
  190  183  176  168  161  160  161  158  148
     5.0-180.0 180.0   5.0 450.0                            LAT/LON1/LON2/DLON/H
  152  141  133  128  126  125  124  123  122  123  124  129  138  155  176  198
  216  229  241  249  258  273  297  327  362  395  423  442  455  463  466  467
  466  468  471  472  470  467  469  475  484  490  493  494  490  482  470  457
  438  410  383  364  350  331  308  285  265  247  229  212  200  193  188  183
  179  175  170  164  159  160  163  162  152
     2.5-180.0 180.0   5.0 450.0                            LAT/LON1/LON2/DLON/H
  155  144  137  133  131  130  128  124  122  121  122  126  135  152  174  195
  214  230  244  257  269  286  310  339  372  405  430  447  457  462  462  458
  454  452  452  450  446  443  448  458  468  474  477  476  470  458  441  423
  401  374  348  329  314  297  276  255  235  217  199  183  172  167  165  165
  164  163  161  158  156  160  165  164  155
